# Region        : all fluid
# Cells         : 30013
# Volume        : 4.66710066e-05
# Time          	volIntegrate(psi0_)
1.200048002e-06 	-1.14186917e-06
2.640174741e-06 	-1.14186222e-06
4.368326829e-06 	-1.14185713e-06
6.442109334e-06 	-1.14184965e-06
8.930545063e-06 	-1.14184047e-06
1.19165192e-05  	-1.14182949e-06
1.549904555e-05 	-1.14181634e-06
1.979715186e-05 	-1.14180057e-06
2.495487943e-05 	-1.14178166e-06
3.114287268e-05 	-1.14175900e-06
3.856570003e-05 	-1.14173185e-06
4.74757486e-05  	-1.14169933e-06
5.81658928e-05  	-1.14166038e-06
7.099406584e-05 	-1.14161377e-06
8.638787349e-05 	-1.14155801e-06
0.0001048489761 	-1.14149138e-06
0.0001269857793 	-1.14141182e-06
0.0001535261401 	-1.14131693e-06
0.0001853917513 	-1.14120370e-06
0.0002235808885 	-1.14106897e-06
0.0002694795698 	-1.14090842e-06
0.0003244542615 	-1.14071805e-06
0.0003902743005 	-1.14049281e-06
0.0004690425439 	-1.14022697e-06
0.0005634084593 	-1.13991357e-06
0.0006771023333 	-1.13954295e-06
0.0008142037696 	-1.13910551e-06
0.0009782358451 	-1.13859466e-06
0.001174361153  	-1.13800009e-06
0.001406614807  	-1.13731617e-06
0.001683820781  	-1.13652490e-06
0.002016467949  	-1.13560483e-06
0.002415644552  	-1.13453537e-06
0.002889666768  	-1.13330113e-06
0.003482194537  	-1.13180188e-06
0.004206395144  	-1.13002312e-06
0.00503405298   	-1.12806021e-06
0.006027242384  	-1.12645511e-06
0.007351494923  	-1.12654313e-06
0.008675747461  	-1.13101165e-06
0.01            	-1.14517088e-06
0.01111111111   	-1.08414704e-06
0.01209876543   	-1.04449238e-06
0.01308641975   	-1.02296884e-06
0.01395061728   	-1.01156971e-06
0.01481481481   	-1.00335712e-06
0.01567901235   	-1.00128269e-06
0.01654320988   	-1.00039846e-06
0.01740740741   	-1.00779717e-06
0.01827160494   	-1.02215008e-06
0.01913580247   	-9.28273762e-07
0.02            	-9.15372698e-07
0.021           	-9.07601096e-07
0.022125        	-9.02028617e-07
0.0234375       	-8.98987575e-07
0.025078125     	-8.98941949e-07
0.02671875      	-9.00964988e-07
0.028359375     	-9.03595531e-07
0.03            	-9.05909951e-07
0.032           	-9.08048385e-07
0.034           	-9.09997448e-07
0.036           	-9.13339153e-07
0.038           	-9.20542816e-07
0.04            	-8.71349794e-07
0.0425          	-8.27555155e-07
0.045           	-8.13407620e-07
0.04666666667   	-8.08164967e-07
0.04833333333   	-8.08429558e-07
0.05            	-8.12591949e-07
0.052           	-8.26192869e-07
0.054           	-8.50277833e-07
0.056           	-7.78753048e-07
0.058           	-7.57680374e-07
0.06            	-7.51692130e-07
0.0625          	-7.48758117e-07
0.065           	-7.50054083e-07
0.0675          	-7.54455212e-07
0.07            	-7.62507689e-07
0.072           	-7.70352736e-07
0.074           	-7.82214543e-07
0.076           	-8.00809801e-07
0.078           	-7.46693289e-07
0.08            	-7.14955288e-07
0.082           	-7.12092865e-07
0.084           	-7.07678665e-07
0.086           	-7.09330364e-07
0.088           	-7.14905231e-07
0.09            	-7.22083515e-07
0.0925          	-7.35678680e-07
0.094375        	-7.49438851e-07
0.09625         	-7.68115592e-07
0.098125        	-7.09365910e-07
0.1             	-6.79206394e-07
0.102           	-6.74794355e-07
0.104           	-6.71664850e-07
0.106           	-1.00501683e-06
0.108           	-1.20510233e-06
0.11            	-1.32447482e-06
0.112           	-1.44335965e-06
0.1136          	-1.62224370e-06
0.11488         	-1.62256507e-06
0.11616         	-1.51256000e-06
0.11712         	-1.46718927e-06
0.11808         	-1.43740877e-06
0.11904         	-1.41419325e-06
0.12            	-1.39808119e-06
0.1209090909    	-1.38920099e-06
0.1218181818    	-1.38484564e-06
0.1227272727    	-1.28595203e-06
0.1236363636    	-1.25665204e-06
0.1246969697    	-1.23187756e-06
0.1257575758    	-1.21344858e-06
0.1268181818    	-1.20038531e-06
0.1278787879    	-1.19288395e-06
0.1289393939    	-1.19060516e-06
0.13            	-1.19380024e-06
0.13125         	-1.24232913e-06
0.1327083333    	-1.15103749e-06
0.13453125      	-1.08830103e-06
0.1363541667    	-1.07523596e-06
0.1381770833    	-1.05843209e-06
0.14            	-1.04852620e-06
0.142           	-1.04181197e-06
0.144           	-1.03648466e-06
0.146           	-1.03520970e-06
0.148           	-1.04152151e-06
0.15            	-9.82002867e-07
0.1516666667    	-9.45782400e-07
0.1533333333    	-9.31395465e-07
0.155           	-9.23492886e-07
0.1566666667    	-9.21148817e-07
0.1583333333    	-9.23538918e-07
0.16            	-9.31483717e-07
0.162           	-9.50654833e-07
0.164           	-8.96048033e-07
0.166           	-8.49413042e-07
0.168           	-8.38251729e-07
0.17            	-8.30719042e-07
0.1725          	-8.27676435e-07
0.175           	-8.28353742e-07
0.1775          	-8.33672380e-07
0.18            	-8.46621982e-07
0.1814285714    	-8.60194344e-07
0.1828571429    	-7.93623728e-07
0.1846428571    	-7.66138380e-07
0.1864285714    	-7.58248830e-07
0.1882142857    	-7.53482870e-07
0.19            	-7.52383999e-07
0.192           	-7.54226596e-07
0.194           	-7.58503077e-07
0.196           	-7.65505026e-07
0.198           	-7.76012454e-07
0.2             	-7.91434779e-07
0.2025          	-7.66165408e-07
0.204           	-7.16338789e-07
0.2055          	-7.01399041e-07
0.207           	-6.98159924e-07
0.2085          	-6.97088259e-07
0.21            	-6.97852065e-07
0.2116666667    	-7.00326265e-07
0.21375         	-7.06273012e-07
0.2158333333    	-7.15255385e-07
0.2179166667    	-7.25449006e-07
0.22            	-7.40034554e-07
0.222           	-7.60313926e-07
0.224           	-6.87008210e-07
0.226           	-6.72541048e-07
0.228           	-6.68486539e-07
0.23            	-6.71630113e-07
0.2325          	-6.70891318e-07
0.235           	-6.73843112e-07
0.2375          	-6.80355386e-07
0.24            	-6.91532195e-07
0.242           	-7.03952181e-07
0.244           	-7.20796400e-07
0.246           	-7.42462179e-07
0.248           	-6.58550076e-07
0.25            	-6.71560614e-07
0.252           	-6.53314670e-07
0.254           	-6.52150909e-07
0.256           	-1.14331027e-06
0.258           	-1.18491543e-06
0.26            	-1.35092340e-06
0.262           	-1.51577723e-06
0.2636          	-1.51950979e-06
0.26488         	-1.42857458e-06
0.26616         	-1.38043839e-06
0.26712         	-1.35436735e-06
0.26808         	-1.34190356e-06
0.26904         	-1.31965070e-06
0.27            	-1.30755412e-06
0.271           	-1.30506727e-06
0.272125        	-1.20487402e-06
0.27325         	-1.17860189e-06
0.2746          	-1.15514582e-06
0.27595         	-1.13889329e-06
0.2773          	-1.12877141e-06
0.27865         	-1.12387438e-06
0.28            	-1.12324452e-06
0.2816666667    	-1.12773847e-06
0.28375         	-1.18535484e-06
0.2858333333    	-1.06790471e-06
0.2879166667    	-1.02106488e-06
0.29            	-9.98144159e-07
0.2925          	-9.83385585e-07
0.295           	-9.76803931e-07
0.2975          	-9.80431690e-07
0.3             	-9.51015570e-07
0.301           	-8.99999463e-07
0.302125        	-8.90696919e-07
0.3034375       	-7.96591329e-07
0.305078125     	-7.09481995e-07
0.30671875      	-5.50826588e-07
0.308359375     	7.40168014e-07
0.31            	1.42488485e-06
0.31125         	2.38871467e-06
0.312125        	2.71832810e-06
0.3128409091    	2.16971299e-06
0.3134375       	2.09841576e-06
0.313984375     	1.75277274e-06
0.3144856771    	1.69104729e-06
0.314945204     	1.60073443e-06
0.315366437     	1.53226297e-06
0.31578767      	1.18560512e-06
0.3161706091    	1.35402115e-06
0.3165535482    	1.10668579e-06
0.3169364873    	1.08615298e-06
0.3173194264    	1.06304831e-06
0.3177023655    	1.02749747e-06
0.3180853045    	9.93478971e-07
0.3184682436    	9.60731853e-07
0.3188511827    	9.55475650e-07
0.3192341218    	8.52737243e-07
0.3196170609    	8.56885821e-07
0.32            	8.62401946e-07
0.3203703704    	9.32947828e-07
0.3207555556    	7.98566294e-07
0.3211407407    	9.09976673e-07
0.3215434343    	8.30516009e-07
0.3219662626    	8.32786047e-07
0.3224125814    	7.55872894e-07
0.322886795     	7.80965125e-07
0.3233948811    	8.17832460e-07
0.3239453077    	8.66777038e-07
0.3245507769    	8.91909686e-07
0.3252319298    	8.59304031e-07
0.3260266082    	1.04264442e-06
0.3270199561    	1.08385919e-06
0.3277649671    	2.84019555e-06
0.3285099781    	2.04909755e-06
0.329254989     	2.11108068e-06
0.33            	2.25638895e-06
0.3305882353    	3.25778551e-06
0.3311764706    	2.44263070e-06
0.3318067227    	2.23797397e-06
0.3324894958    	2.23604388e-06
0.3332405462    	2.20978171e-06
0.3340854779    	2.10772028e-06
0.3350712316    	1.98879680e-06
0.3363034237    	1.75478172e-06
0.3372275678    	3.59000379e-06
0.3379206758    	3.47192884e-06
0.3386137839    	2.26565081e-06
0.3390758559    	3.77343771e-06
0.339537928     	2.10425418e-06
0.34            	2.03603100e-06
0.3404166667    	2.30054457e-06
0.3408159722    	1.99489740e-06
0.34119864      	1.97482596e-06
0.3415653634    	1.96014148e-06
0.3419168066    	1.97258506e-06
0.3422682498    	1.85318752e-06
0.3426044128    	1.98440840e-06
0.3429405759    	1.87273867e-06
0.3432767389    	1.91752600e-06
0.343612902     	1.93033565e-06
0.3439322569    	2.07820992e-06
0.3442516118    	1.94560352e-06
0.3445709667    	1.94968576e-06
0.3448903216    	1.95424251e-06
0.3452096765    	1.98192135e-06
0.3455290314    	2.00880897e-06
0.3458483863    	2.01151181e-06
0.3461943541    	1.73193720e-06
0.3465403219    	1.97003204e-06
0.3468862897    	1.99347506e-06
0.3472322575    	2.03660798e-06
0.3475782253    	2.08376907e-06
0.3479241931    	2.11674478e-06
0.3483393545    	1.66041873e-06
0.3487545159    	2.07951759e-06
0.3491696773    	2.18173862e-06
0.3495848386    	2.23438658e-06
0.35            	2.28015794e-06
0.3504545455    	2.04799490e-06
0.3509569378    	2.06421984e-06
0.3514888826    	2.30502079e-06
0.3520968196    	2.05846879e-06
0.352755418     	2.37211199e-06
0.3534798762    	2.45637740e-06
0.3542043344    	2.95284676e-06
0.3548482972    	3.65341186e-06
0.3554922601    	3.30111991e-06
0.3560557276    	3.99328659e-06
0.356619195     	3.44235042e-06
0.3571826625    	3.47781770e-06
0.35774613      	3.49397123e-06
0.3583095975    	3.49417864e-06
0.358873065     	3.43573752e-06
0.3594365325    	3.44984327e-06
0.36            	3.44113226e-06
0.3606666667    	2.73286613e-06
0.3614444444    	2.75064270e-06
0.3622222222    	3.33970558e-06
0.3629292929    	3.81203092e-06
0.3635185185    	4.19792178e-06
0.364058642     	3.62857865e-06
0.3645537551    	3.53021879e-06
0.3650076089    	3.48758054e-06
0.3654614626    	3.07283767e-06
0.3658740569    	3.41602829e-06
0.3662866512    	2.97426974e-06
0.3666579861    	3.34618229e-06
0.367029321     	2.87932828e-06
0.3674006559    	2.78187257e-06
0.3677255739    	3.31221985e-06
0.3680504919    	2.77920865e-06
0.3683754099    	2.77223478e-06
0.3687003279    	2.76657081e-06
0.3690252459    	2.75708402e-06
0.369350164     	2.74907244e-06
0.369675082     	2.67212084e-06
0.37            	2.68953713e-06
0.3703125       	2.84556201e-06
0.3706152344    	2.82588126e-06
0.3709179687    	2.71420648e-06
0.3712207031    	2.71588162e-06
0.3715234375    	2.71685240e-06
0.3718373843    	2.52158825e-06
0.372151331     	2.67807574e-06
0.3724652778    	2.72102494e-06
0.3727792245    	2.73869608e-06
0.3730931713    	2.75550685e-06
0.3734220679    	2.60686989e-06
0.3737509645    	2.78711089e-06
0.3740798611    	2.72581487e-06
0.3744281046    	2.56183704e-06
0.374776348     	2.80630569e-06
0.3751245915    	2.83898389e-06
0.3754996229    	2.59896625e-06
0.3758746543    	2.90510115e-06
0.3762871889    	2.59446306e-06
0.3766997235    	2.93772037e-06
0.377112258     	3.02401487e-06
0.3775247926    	3.10525213e-06
0.3780198341    	2.50623762e-06
0.3785148756    	3.23873476e-06
0.379009917     	3.31938312e-06
0.3795049585    	3.29430762e-06
0.38            	3.37490490e-06
0.3805555556    	2.96324967e-06
0.3811458333    	3.21793566e-06
0.3817361111    	3.53818056e-06
0.3823263889    	3.59222591e-06
0.382874504     	3.98351081e-06
0.383422619     	3.70193796e-06
0.3839707341    	3.67930409e-06
0.3845188492    	3.74875154e-06
0.3850669643    	3.79395587e-06
0.3856835937    	3.28885525e-06
0.3863002232    	3.84513892e-06
0.3869168527    	3.85932181e-06
0.3875334821    	3.87366082e-06
0.3881501116    	3.88202797e-06
0.3887667411    	3.84929991e-06
0.3893833705    	3.79813683e-06
0.39            	3.75508785e-06
0.390625        	3.72100068e-06
0.3912109375    	4.08073001e-06
0.3917602539    	4.04939927e-06
0.392275238     	4.00535574e-06
0.3927580357    	3.93714502e-06
0.3932106584    	3.87773761e-06
0.3936349923    	3.83723017e-06
0.3940328053    	3.82102434e-06
0.3944306182    	3.50842225e-06
0.3948019104    	3.80513470e-06
0.3951732025    	3.47105819e-06
0.3955179737    	3.76170286e-06
0.395862745     	3.39068136e-06
0.3962075162    	3.38388516e-06
0.3965235565    	3.77722175e-06
0.3968395969    	3.40204275e-06
0.3971556372    	3.39638929e-06
0.3974716775    	3.38684359e-06
0.3977877178    	3.35246118e-06
0.3981037581    	3.31243378e-06
0.3984197984    	3.32468763e-06
0.3987358387    	3.33199524e-06
0.3990518791    	3.33411555e-06
0.3993679194    	3.33373673e-06
0.3996839597    	3.33035316e-06
0.4             	3.28226619e-06
0.4002941176    	3.60022878e-06
0.4005882353    	3.30922922e-06
0.4008823529    	3.32269434e-06
0.4011862745    	3.20064698e-06
0.4014901961    	3.34936376e-06
0.4017941176    	3.36324607e-06
0.4020980392    	3.32137994e-06
0.4024019608    	3.35401175e-06
0.4027185458    	3.21412015e-06
0.4030351307    	3.41078938e-06
0.4033517157    	3.43523967e-06
0.4036683007    	3.45420986e-06
0.404001548     	3.24713332e-06
0.4043347953    	3.43896567e-06
0.4046680427    	3.48360154e-06
0.4050235065    	3.24894834e-06
0.4053789703    	3.56019090e-06
0.4057344341    	3.64423918e-06
0.4061222128    	3.29408650e-06
0.4065099916    	3.62794900e-06
0.4068977703    	3.67303910e-06
0.407285549     	3.70503260e-06
0.4076733277    	3.73163197e-06
0.4080611064    	3.75353071e-06
0.4084488851    	3.77190715e-06
0.4088366639    	3.77508398e-06
0.4092244426    	3.75563622e-06
0.4096122213    	3.78965213e-06
0.41            	3.83066621e-06
0.4104347826    	3.34437116e-06
0.4109130435    	3.44283869e-06
0.4114178744    	3.64135370e-06
0.4119227053    	3.90248786e-06
0.4124611916    	3.57290583e-06
0.4129996779    	3.92741875e-06
0.4135381643    	3.97040900e-06
0.4141256039    	3.59094242e-06
0.4147130435    	4.03687189e-06
0.4153004831    	4.04714508e-06
0.4158879227    	4.05415747e-06
0.4164753623    	4.04885464e-06
0.4170628019    	4.05386252e-06
0.4176502415    	4.06287083e-06
0.4182376812    	4.06374977e-06
0.4188251208    	4.05610346e-06
0.4194125604    	4.04432313e-06
0.42            	4.01340628e-06
0.4205555556    	4.26753568e-06
0.4211111111    	3.95478768e-06
0.4216666667    	4.01588697e-06
0.4221875       	4.37489066e-06
0.4227083333    	4.06406146e-06
0.4232291667    	4.07934802e-06
0.4237127976    	4.43936234e-06
0.4241618835    	4.42892364e-06
0.4246109694    	4.05799880e-06
0.4250255102    	4.47758360e-06
0.425440051     	4.07128843e-06
0.4258545918    	4.07446233e-06
0.4262314471    	4.56179548e-06
0.4266083024    	4.01970329e-06
0.4269851577    	4.01819255e-06
0.427362013     	4.02443623e-06
0.4276917614    	4.71938027e-06
0.4280215097    	4.02857726e-06
0.4283512581    	4.02505170e-06
0.4286810065    	4.03148793e-06
0.4290107549    	4.04235264e-06
0.4293405032    	4.12012196e-06
0.4296702516    	4.11651742e-06
0.43            	4.10943950e-06
0.4303030303    	4.51748914e-06
0.4306060606    	4.08467276e-06
0.4309090909    	4.02921991e-06
0.431202346     	4.17388148e-06
0.4314956012    	4.02093694e-06
0.4317888563    	4.03018398e-06
0.4320821114    	4.03058559e-06
0.4323753666    	4.02032967e-06
0.4326686217    	4.00819838e-06
0.4329618768    	3.94492645e-06
0.433255132     	3.95168479e-06
0.4335361681    	4.15984920e-06
0.4338172043    	3.95374349e-06
0.4340982405    	3.94908062e-06
0.4343792766    	3.94161976e-06
0.4346603128    	3.93089597e-06
0.434941349     	3.87776247e-06
0.4352223851    	3.88318806e-06
0.4355034213    	3.88941129e-06
0.4358031932    	3.59660570e-06
0.4361029651    	3.89070315e-06
0.436402737     	3.88905505e-06
0.436702509     	3.84070981e-06
0.4370022809    	3.84572296e-06
0.4373020528    	3.84953903e-06
0.4376018247    	3.85399367e-06
0.4379015966    	3.85535495e-06
0.4382013685    	3.85395994e-06
0.4385011404    	3.82657854e-06
0.4388009123    	3.80174526e-06
0.4391006843    	3.81263282e-06
0.4394004562    	3.82013158e-06
0.4397002281    	3.81983131e-06
0.44            	3.82403301e-06
0.4403333333    	3.33281261e-06
0.4406785714    	3.62986026e-06
0.4410370879    	3.60191907e-06
0.4413956044    	3.79020473e-06
0.4417541209    	3.79348083e-06
0.4421289336    	3.57520120e-06
0.4425037463    	3.79082600e-06
0.4428982859    	3.51249481e-06
0.4432928256    	3.74104056e-06
0.4436873653    	3.74935191e-06
0.4441082076    	3.42519325e-06
0.4445290499    	3.94057662e-06
0.4449498922    	4.12252128e-06
0.4454089929    	3.74989531e-06
0.4458680936    	4.24081504e-06
0.4463271943    	4.33991666e-06
0.446786295     	4.44643100e-06
0.4472453958    	4.69618190e-06
0.4477044965    	4.77122943e-06
0.4481635972    	4.81039628e-06
0.4486226979    	4.82334141e-06
0.4490817986    	4.84205845e-06
0.4495408993    	4.85028735e-06
0.45            	4.87755684e-06
0.4505          	4.44349284e-06
0.4510277778    	4.61648154e-06
0.4515555556    	4.93434604e-06
0.4520833333    	4.94342147e-06
0.4526111111    	4.93784459e-06
0.4531388889    	4.92795993e-06
0.4536666667    	4.92829771e-06
0.4541944444    	4.92221442e-06
0.4547222222    	4.92700556e-06
0.4552020202    	5.47646997e-06
0.4556818182    	4.89214840e-06
0.4561616162    	4.86028294e-06
0.4566414141    	4.82780776e-06
0.4571212121    	4.79968915e-06
0.4575324675    	5.69112663e-06
0.4579437229    	4.74663569e-06
0.4583549784    	4.72222761e-06
0.4587662338    	4.67658336e-06
0.4591774892    	4.63030348e-06
0.4595887446    	4.59226295e-06
0.46            	4.55577807e-06
0.4603448276    	5.56823452e-06
0.4606777646    	4.70068089e-06
0.460999221     	4.65892221e-06
0.4613206774    	4.42039778e-06
0.4616306532    	4.58339427e-06
0.461940629     	4.35133378e-06
0.4622391242    	4.53625393e-06
0.4625376194    	4.31305759e-06
0.4628246341    	4.49515039e-06
0.4631116487    	4.25579555e-06
0.4633986633    	4.19473074e-06
0.463673719     	4.38224572e-06
0.4639487747    	4.14316815e-06
0.4642238304    	4.12269426e-06
0.4644988861    	4.09874707e-06
0.4647739418    	4.06793513e-06
0.4650352447    	4.30634956e-06
0.4652965476    	3.95796393e-06
0.4655578505    	3.96097356e-06
0.4658191534    	3.95463396e-06
0.4660804564    	3.93845031e-06
0.4663417593    	3.91923314e-06
0.4666030622    	3.89253586e-06
0.4668643651    	3.86290216e-06
0.467125668     	3.95984042e-06
0.4673869709    	4.00267716e-06
0.4676482738    	4.02383611e-06
0.4679095767    	4.04993543e-06
0.4681708796    	4.11888294e-06
0.4684321825    	4.17005560e-06
0.4686934855    	4.12933096e-06
0.4689547884    	4.17476381e-06
0.4692160913    	4.21044770e-06
0.4694773942    	4.24018465e-06
0.4697386971    	4.26616314e-06
0.47            	4.28575748e-06
0.4702631579    	4.25872731e-06
0.4705336257    	4.13953702e-06
0.4708040936    	4.32550885e-06
0.4710745614    	4.38260921e-06
0.4713450292    	4.42605432e-06
0.4716242218    	4.30801895e-06
0.4719034145    	4.50320342e-06
0.4721826071    	4.49352655e-06
0.4724721401    	4.31324945e-06
0.4727616732    	4.51931704e-06
0.4730512063    	4.53444040e-06
0.4733407393    	4.54554640e-06
0.473643433     	4.31590393e-06
0.4739461267    	4.54242159e-06
0.4742488203    	4.52189275e-06
0.4745683303    	4.27004867e-06
0.4748878403    	4.56529011e-06
0.4752073503    	4.57999341e-06
0.4755268603    	4.58160759e-06
0.4758463702    	4.58388164e-06
0.4761658802    	4.58344968e-06
0.4764853902    	4.59204429e-06
0.4768368512    	4.11916604e-06
0.4771883122    	4.62466840e-06
0.4775397731    	4.63122036e-06
0.4778912341    	4.64267936e-06
0.4782426951    	4.65016338e-06
0.4785941561    	4.64219006e-06
0.4789456171    	4.66818609e-06
0.479297078     	4.68858154e-06
0.479648539     	4.70451229e-06
0.48            	4.70572089e-06
0.4803846154    	4.22317995e-06
0.4807692308    	4.72030525e-06
0.4811705686    	4.47377154e-06
0.4815719064    	4.73516061e-06
0.4819732441    	4.75271055e-06
0.482395705     	4.46872250e-06
0.4828181658    	4.76239865e-06
0.4832406267    	4.76514483e-06
0.4836630875    	4.76426675e-06
0.4840855483    	4.75470200e-06
0.4845080092    	4.78236295e-06
0.4849656751    	4.34865002e-06
0.485423341     	4.80451261e-06
0.4858810069    	4.83871267e-06
